pattern_cols: 11
pattern_rows: 8
square_size_mm: 30
preview_scale: 0.5
detect_interval: 2

R_gimbal2imubody: [1, 0, 0, 0, 1, 0, 0, 0, 1]

camera_name: "hikrobot"
exposure_ms: 1.0
gain: 15.0
vid_pid: "2bdf:0001"

timing:
  offset: 0.002

# 重投影误差: 0.2460px
camera_matrix: [1797.5969210084497, 0, 704.29881863698699, 0, 1797.7867973769753, 537.02448196123203, 0, 0, 1]
distort_coeffs: [-0.087666128664286636, 0.22065090602894918, -0.00012832454592968064, 0.00058739756422585129, 0]
