0.801594301 0.7260680842203203 0.29500490685424047 0.23434553816387335 0.5752211841989475
2.448866316 0.7260482236778697 0.2948827779129486 0.23449591746179355 0.5752475891981682
2.535487044 0.7260589955463886 0.29486335423790666 0.23448391047624503 0.5752488444503896
2.58888264 0.7260628989530715 0.29482054431645943 0.23451180616555614 0.5752544881891639
2.636335239 0.7260815471288722 0.29480012702962205 0.23451399382287305 0.5752405224977701
2.682248501 0.7260775815075722 0.2948201718385877 0.2345094732752699 0.575237097946
2.72227864 0.7260780499649143 0.29482850330449417 0.2344895951689436 0.5752403399935406
2.769011885 0.7260713548164262 0.29483473632871465 0.2345131269182704 0.5752360031083174
2.815762567 0.7260709657810233 0.2948291609345829 0.23451314851703847 0.5752393429565189
2.855562539 0.7260605431125972 0.2948176979079348 0.23450672204688403 0.5752609929850377
2.902399589 0.726064426333257 0.2948212324381818 0.2344727072277255 0.5752681455480491
2.942322288 0.726069652663661 0.2948307708121291 0.23446633546444293 0.575259257723917
2.989120827 0.7260684897198364 0.2948337328400594 0.23447155624982266 0.5752570795090997
3.028957453 0.7260666078320993 0.29481973467824985 0.23447268556422743 0.5752661686208689
3.075770487 0.7260694151754092 0.29480579324867434 0.23447129649462528 0.5752703362194062
3.122398449 0.7260798759516137 0.294818075510239 0.23446231076499316 0.5752545010004425
3.16225374 0.7260782100804697 0.2948151422482296 0.23447819833345743 0.5752516312482681
3.215653823 0.7260992713232616 0.2947912711051998 0.23446678130798118 0.5752419344302749
3.262426237 0.7260921498872681 0.2947980635442672 0.23448669653041926 0.5752393247622127
3.302306174 0.7260971753690829 0.2947886199304745 0.23448840256030815 0.5752371254928185
3.342542962 0.7260956597867417 0.29477343231372105 0.23450384598019863 0.5752405259205402
3.389473349 0.7260857875231476 0.294771027396294 0.23451329205498822 0.5752503684606867
3.429225496 0.7258087487135513 0.294694315845456 0.23499202838050448 0.5754438870097274
3.475882429 0.7233246057677557 0.29318352707357964 0.23597068312042227 0.5789324406623779
3.5158219 0.7181576735482565 0.29110117002758656 0.23836346803927067 0.5853994549336525
3.562603 0.7163480755396678 0.28915176541015764 0.23885363933635456 0.5883754160453871
3.602768517 0.7194976291322035 0.2853853420556396 0.2344054248209745 0.5881602375436668
3.649186903 0.7228586797392865 0.27675568926427585 0.22715221434463334 0.5910021058369935
3.689292364 0.7253452172318345 0.2683776083546739 0.22057015302092509 0.5943034433427538
3.736085045 0.7284400726581657 0.25650341954532085 0.21122695463053068 0.5991362365479451
3.776041968 0.7324223838125783 0.2425330516517801 0.1997406977978668 0.6040188939015041
3.815995467 0.7376269220826095 0.22479116506952918 0.18478348100543165 0.6092868955370162
3.86268507 0.7439123608396722 0.20078641048645154 0.1644749098303501 0.6158142745911385
3.909266383 0.7486717432030974 0.1774592921944142 0.14497059161840326 0.6220790529417489
3.956314882 0.7525916355714971 0.15398953172568544 0.12514121966457334 0.6278795500154358
4.002854634 0.7560759951684138 0.1362956601727838 0.10968998027598037 0.6306668619605861
4.042943096 0.7586614639933629 0.12713966876342656 0.10143884927260721 0.6308553301165195
4.089622099 0.7601051185323118 0.12356503497767674 0.09810486050102142 0.6303549216576492
4.129619518 0.7605783417356679 0.12384389428519993 0.09819147447287396 0.6297155788701284
4.176520748 0.7624162056769941 0.12425227152897395 0.09796184829294163 0.627444323123587
4.216194146 0.7656200392885141 0.12368650571751674 0.09651876382119587 0.623868361093647
4.263043554 0.770037515399829 0.12181361878021071 0.0937072037196145 0.6192112944121566
4.303169022 0.7725371814571931 0.11917283441602926 0.09086946400523584 0.6170306956017885
4.349894696 0.7741010890067563 0.11427524756636431 0.08653402966415152 0.6166202506423901
4.389727812 0.774887083663206 0.1085205753785463 0.08175312866385574 0.617324645745747
4.436395101 0.7763014500011064 0.09861823492501888 0.07354074211163131 0.6182412649735733
4.483205241 0.7779474814018402 0.08718640965211656 0.06398457875271753 0.6189525182389551
4.523075071 0.7793395368979733 0.07863202854467741 0.05680651019208469 0.6190475835623609
4.569821426 0.7802894046106 0.07229799174230384 0.05151292988649639 0.6190863134466583
4.616573701 0.780730608651953 0.0699112688246922 0.04945578245106475 0.6189719353794852
4.656557996 0.7815486963298863 0.07079419921343197 0.050129605225255974 0.6177838127555173
4.703176654 0.7824329135185816 0.07267662380394212 0.05151041844298063 0.6163306912584455
4.749827121 0.7828443370524025 0.0738350360719285 0.05234944055546055 0.6155994375133653
4.796451304 0.7833627756445362 0.07406182720323523 0.0524756118398127 0.6149015511834751
4.836386287 0.7838075603355681 0.07402048410704935 0.05238695083306683 0.6143470384691186
4.883195233 0.7838514118260934 0.07406938335654495 0.05239198779677207 0.6142847631531521
4.929873448 0.7838198320269413 0.07413816089562231 0.05243490664514239 0.6143130997995955
4.976433733 0.7837955883541639 0.0740780414249296 0.05238715656493166 0.6143553574945352
5.02340874 0.7837616516317787 0.07406020278720833 0.052319971363311735 0.6144065269763059
5.063090037 0.7837547922971955 0.07423114452651067 0.05247542213971944 0.6143813903470082
5.110009402 0.7837287947234735 0.07469588455945843 0.05285644930522362 0.6143255626441212
5.149996898 0.7836959220154939 0.07523385452317793 0.053283754586520654 0.614264935062253
5.196595938 0.7836679116284173 0.07575904725393061 0.05368640850358794 0.6142010587626154
5.24336143 0.7836581987051195 0.07587089370696432 0.05374332349371408 0.6141946680574522
5.283410842 0.783656592674594 0.07583547317325558 0.05374210779302181 0.6142011979931309
5.329997434 0.7836504023112704 0.075772433090322 0.053699580923878706 0.6142205958363468
5.369863485 0.7836487491943344 0.0758307167532763 0.05376188567690931 0.6142100617307588
5.416912166 0.7836009365595296 0.07621552522666228 0.05412457769564015 0.6141915792541615
5.470288602 0.7834683020058618 0.07713961051349191 0.05491991790914662 0.6141748145754033
5.516863292 0.7833752409792221 0.07793921345727325 0.05560736639595898 0.6141307121687638
5.563539118 0.7833079990483405 0.07868255644887645 0.056237909666425855 0.6140642730642334
5.603662323 0.7832401033503888 0.07921308422523465 0.05667076250193308 0.6140428751061668
5.643351106 0.7831913773143349 0.07949317925382106 0.05691189344726379 0.614046527013094
5.690511373 0.7831270651161338 0.0798209038228998 0.05722094934994026 0.6140573150374301
5.730310978 0.7830547995921384 0.08005293379412329 0.05743520875716988 0.6140992634922225
5.776835533 0.7829978075697754 0.08013555098519237 0.057572700563409664 0.6141482809216846
5.82354488 0.782985304217618 0.08021738302195305 0.05764528649230764 0.6141467298501013
5.86360196 0.7829524027342197 0.08014561439973371 0.057613998151080446 0.6142009791283704
5.910281027 0.7829194594062803 0.08022753115155619 0.05760945723505539 0.6142327032691977
5.957162973 0.7828860600192034 0.08032583884962821 0.05767222746580127 0.6142565350241256
5.997025757 0.7828491834837327 0.0804177507709496 0.05771493991777521 0.6142874953880163
6.043779924 0.7828408241787662 0.08070443967584613 0.05795177042851806 0.6142382515929128
6.09042065 0.7827934910167517 0.08116609489497154 0.058263315139770164 0.614208272144092
6.13736459 0.782711318354292 0.08164984789201786 0.058711867752276936 0.6142061633070249
6.183741732 0.7826606579736679 0.08200046708834438 0.05901641107305639 0.6141948233920361
6.223722683 0.7825772059279608 0.0821586530434795 0.059172554602804545 0.6142649927139308
6.263746798 0.7824316218367191 0.08220225435173918 0.05928615299109051 0.6144336405121144
6.310733044 0.78227857155388 0.08227646598170213 0.05942376233302346 0.6146052685288105
6.35741038 0.782228130691955 0.08247120280889567 0.059614588960901826 0.6146248880776362
6.397414506 0.7821501657391451 0.08254626704603046 0.05969473427296756 0.6147062475126418
6.444028071 0.7819897067000701 0.08255954417409898 0.059752009166567574 0.6149030148580034
6.484088539 0.7818732307213229 0.08256338276605708 0.05978334520319664 0.6150475514494322
6.523773241 0.7818467004682652 0.08253304155342658 0.05979608146572228 0.6150841102322284
6.570596869 0.7818416124600792 0.0825417638391423 0.059800611879323694 0.6150889667901751
6.610511344 0.7818341688246774 0.0825228806718855 0.05975703054450189 0.6151051974453988
6.657258311 0.7818181617434284 0.08254322706111183 0.05977952606898565 0.6151206271110016
6.703992185 0.7818169645725859 0.08257532315123906 0.0597906985197637 0.6151167550014349
6.743998862 0.7817947237329805 0.08257388578552105 0.059766265845449376 0.6151475894421138
6.790655747 0.7817965008891854 0.0826268856548462 0.059831080473215975 0.6151319133111325
6.830705322 0.7817917358902803 0.08272767464364254 0.05991434582676124 0.6151163180292564
6.877346262 0.7817772134542589 0.08278601283627564 0.059961238172484554 0.6151223573559889
6.917426648 0.7817741683013583 0.08278898398775116 0.06000651319917715 0.6151214126338577
6.963911658 0.7817726098359649 0.0827480203401794 0.06006279024544733 0.6151234127132351
7.010617826 0.7817625443047156 0.08273107198844873 0.060061404273720975 0.6151386199601911
7.050652159 0.781761095179163 0.08272378347522007 0.060048997895371395 0.6151426530192671
7.097709782 0.7817371721157814 0.08268750816284091 0.06004737838387323 0.6151780897231837
7.137393206 0.7816915712412144 0.08272692235948041 0.060090354664764964 0.6152265379871327
7.184465405 0.7816343450241248 0.08286230583820697 0.06023864198398417 0.6152665235179047
7.224171324 0.7815614315016216 0.08296328584311902 0.0602856487487266 0.6153409319606443
7.270887841 0.7814408123715016 0.08301363147155903 0.06035982900861333 0.6154800441867493
7.31080028 0.7813222623604404 0.08299536280537818 0.06033445947669066 0.6156354806965095
7.357507494 0.7812097086915071 0.08294625252159912 0.06038285981597759 0.6157801722036832
7.404448681 0.7810564804379272 0.08294003214563385 0.060441564991579134 0.6159695955605017
7.444379312 0.7809882692522814 0.08291187800847045 0.060452081258964036 0.6160588361892834
7.491040532 0.7809053403030778 0.08287442512803482 0.06050413125385737 0.616163881809903
7.530950842 0.780845089260225 0.08283232427048429 0.0604973839607637 0.6162465571246987
7.577746452 0.7808498302714497 0.08281958165572809 0.06051226213198019 0.6162408016279749
7.617718062 0.7808481879670456 0.08284277851505818 0.06058484722762524 0.6162326327637088
7.664444526 0.7808288389033052 0.08276424786653862 0.060523383185138155 0.6162737408812965
7.704308388 0.7808282289087498 0.08274822200653431 0.0604792293904251 0.6162810004424301
7.751073531 0.7808098513649193 0.08268286051015636 0.060493780577806834 0.6163116282374971
7.798036245 0.7807889182397227 0.08265720010602064 0.06050017791604815 0.6163409615600796
7.837740786 0.7807553053383234 0.08269129099514007 0.06055138591673198 0.6163739394581682
7.884443694 0.7807445198683584 0.08266719821210788 0.060542154417970194 0.6163917395404627
7.924419506 0.7807223311379478 0.08269697111367323 0.06059163479882702 0.6164109882404423
7.971233059 0.7806357494178306 0.08258719181456951 0.06052687093250847 0.6165417101657964
8.018183098 0.7805497078967657 0.08258508495651473 0.06053138335018946 0.616650475451622
8.057886837 0.780492847725226 0.08254688605597976 0.0605358337984989 0.6167271188123227
8.104566853 0.7804529674665815 0.08258841633566467 0.06056126253964874 0.6167695295159916
8.144476782 0.7804038171372342 0.0826069042680012 0.060614885360663534 0.6168239758939379
8.191409848 0.7803347631274353 0.08262627887006288 0.0606548636642422 0.6169048087094218
8.231361284 0.7802442978735356 0.08271566698281009 0.06077348244929228 0.6169955736489591
8.277884032 0.7801207335106801 0.08272631249169944 0.06080349402620778 0.6171474163297528
8.325037602 0.7801039633596251 0.08272007472069333 0.06080795545771803 0.6171690110025453
8.364878039 0.7801109209291954 0.08274603510197451 0.06077119969352462 0.6171603568034123
8.411729162 0.7801112597097188 0.08274124132961139 0.06075563931647067 0.6171621032991232
8.458194699 0.7800647211791059 0.08272946144735496 0.06073626273211892 0.6172244108666876
8.504800798 0.7800555668534879 0.08275273246212261 0.060776551349191146 0.6172288948980235
8.544996421 0.7800441817454585 0.08278494863285253 0.0608088705409166 0.6172357799645547
8.591564222 0.7800049879392981 0.08278479645994585 0.06086978400413538 0.6172793254760689
8.638254385 0.7800010974221312 0.08281073067879699 0.06092622392652056 0.6172751948221881
8.678337593 0.7799762286772451 0.08283323620636251 0.060990549193304884 0.6172972465410015
8.725046502 0.7799741690434601 0.08282446074090942 0.06098198575555594 0.6173018724588893
8.771518274 0.7799599405742077 0.0828680040163063 0.06103227422278082 0.6173090364744607
8.811513181 0.7799532041022925 0.08282338287607152 0.06106648576209271 0.6173201527377828
8.858450629 0.7799641748739647 0.0828324712568752 0.06103159683416096 0.6173085223828737
8.898161016 0.7799567523467928 0.08280535275961583 0.06102810008715581 0.6173218844515003
8.945197259 0.779926558462902 0.08278007338325484 0.06103018898637581 0.6173632147181783
8.991856278 0.7798788254244767 0.08283014953576477 0.06109791231315286 0.6174100979846344
9.038213914 0.7798752967360452 0.0828639044258287 0.06113042658075188 0.6174068074051564
9.084806765 0.7798700707672367 0.08286689847696035 0.06106577266890335 0.6174194046729212
9.13157531 0.7798445873427164 0.0828512600018152 0.06107751725730463 0.6174525286967929
9.171785465 0.7798096366346661 0.08284332202442021 0.06109914852485332 0.6174955940386994
9.211958161 0.7798038634327156 0.08281593727846487 0.06113550854013109 0.6175029592671114
9.258227672 0.7797615231736098 0.08282420051360724 0.06115773174498835 0.617553115638697
9.305242694 0.7797180159833595 0.08284611454432649 0.061221115570938324 0.6175988276090975
9.345104149 0.7797211870703211 0.08293096191910644 0.06129105672273966 0.6175764991923115
9.391960543 0.7797082063081834 0.08299568188646665 0.06133735839810887 0.6175795967068681
9.438552309 0.7796803206357874 0.08303244661313705 0.06138627999731744 0.6176049992113107
9.47841895 0.7796616089351488 0.0831069299940516 0.061408682519615045 0.6176163756336325
9.531897787 0.7795642799859894 0.0831203519715939 0.061398867659593015 0.6177383908323685
9.578583772 0.7795348676375324 0.08312290862171962 0.06143925127803748 0.6177711474340593
9.618508878 0.7794331288089381 0.08306519436270224 0.06142980458152414 0.6179082054073013
9.665196839 0.7793412168866394 0.08306412944293957 0.06142130825340517 0.6180251135301694
9.711881985 0.7793267874452143 0.08309357117499291 0.06142942269154382 0.6180385447749127
9.758640534 0.7792930581361389 0.08309842688110511 0.061433711416249016 0.6180799948973719
9.798880865 0.7792914411945319 0.08318119295665728 0.061459341677069124 0.6180683523202575
9.838756066 0.7792929690160998 0.08321678383435967 0.06153335012265041 0.6180542712036063
9.885198133 0.7792940727420452 0.0832162321313779 0.06150089150435712 0.6180561845359545
9.932018584 0.7792819017248384 0.08321562061370986 0.06155517545503177 0.6180662088358292
9.978652741 0.7792734249286263 0.0831820653568404 0.06152354128072305 0.6180845630423545
10.018838464 0.7792191865186587 0.0832097806503481 0.061540698367694394 0.6181475019845484
10.065240632 0.7791623306503456 0.08318812555912591 0.061533285364910734 0.6182228182893941
10.112008548 0.7791299731530122 0.08325069957499959 0.06156370671325741 0.6182521459490324
10.152258584 0.7791066804886742 0.08340874399540454 0.061674437344723027 0.6182491614399812
10.198967074 0.7790516802092705 0.08355046947594064 0.06177831825332873 0.6182889599590574
10.245650645 0.7789903174473802 0.08351445792230565 0.061796850117704256 0.618369282837289
10.285402334 0.778938067787176 0.08346684597593887 0.061786860019163684 0.6184425244950271
10.332244994 0.7789187041429277 0.08343808024020893 0.061755546776926074 0.6184739214747972
10.371978846 0.7789022319463271 0.0834444977681223 0.06173844847999401 0.6184955075346457
10.418855556 0.7788700099388377 0.08343750936641592 0.061742744495831475 0.6185365980689637
10.458734886 0.7788286028309653 0.08342331994801264 0.061765759534058995 0.6185883510464765
10.51234123 0.7787705487151234 0.08345997021767958 0.06180908171614228 0.618652166603025
10.558952505 0.7787523174527264 0.08342925762491503 0.06178944019917117 0.618681220107768
10.612339992 0.778760485305549 0.08354775976308859 0.061825248826346074 0.618651369490762
10.652362869 0.7787580621687962 0.0835227680625742 0.061809856737378197 0.618659332292314
10.692348828 0.7787480067055895 0.08346767862973792 0.06180382322326676 0.6186800272444725
10.739094176 0.778745499739697 0.0835170339925369 0.06182633645852345 0.6186742727707178
10.779202118 0.7787280182805598 0.08350375628427618 0.06181645664727244 0.6186990560190182
10.825892797 0.778630393692608 0.08345639073181384 0.0618318508824354 0.6188267633842005
10.865697224 0.7785638332914611 0.08344785228652954 0.06187436926675605 0.6189074049218612
10.919210781 0.7785504424323999 0.08345692498146041 0.06184823396949655 0.6189256386802923
10.959202372 0.7785504395729528 0.0835124905689523 0.06189170862055305 0.6189138012387196
11.005792733 0.7785428722592198 0.08365310778470805 0.061984901116484824 0.618895003733189
11.059303736 0.7785346956945159 0.08371347787545094 0.06202692227000118 0.6188929165336723
11.099316148 0.7785192693330608 0.08372571580958359 0.06205000975601801 0.6189083519218075
11.145899097 0.7785115075459279 0.08373815710328253 0.06203770554126999 0.6189176655700558
11.185920497 0.7784765744064758 0.08375018712535442 0.06204584787696981 0.6189591602182288
11.23925607 0.7783996968348236 0.08373248741613308 0.06208979062966498 0.6190538267534791
11.292610114 0.7783074428729599 0.08389990908063606 0.06222523007270998 0.619133548087336
11.339449694 0.7782323982331034 0.08404947035781721 0.06239115498608926 0.6191908951627315
11.392603812 0.7782034967874724 0.08416119300607934 0.06248724372806228 0.6192023542839722
11.432494813 0.7781884106281938 0.0841674559186352 0.06253062999921967 0.6192160828338125
11.479324196 0.7781993231470407 0.08417342375972 0.06256074074344165 0.6191985157473219
11.51945967 0.7781657232236128 0.08415311919566733 0.06255346336391515 0.6192442361061514
11.566118045 0.7780405695338211 0.08416799130655896 0.06252950877827101 0.619401874335923
11.619535495 0.7778899082263806 0.08425962744776375 0.06266522236012574 0.6195649084385536
11.666028089 0.7777522323141474 0.0845762614967432 0.06295241015181592 0.6196654865148395
11.71293608 0.7776741789413648 0.08523914308891294 0.06347793172354255 0.6196190055812067
11.759382428 0.7775382172149361 0.08594222036550149 0.06405214417106558 0.6196334225620461
11.799460266 0.7774068016787228 0.08642000550840893 0.06440078060774093 0.6196957211476444
11.846321024 0.7773430782872242 0.08673570969113352 0.0646585393930231 0.6197047107993282
11.886271282 0.7772138130623031 0.08672784917020325 0.06468306804038122 0.6198653641496267
11.932729097 0.7770523758133299 0.08666766723452249 0.064672598808407 0.6200772336268704
11.972722989 0.7769814780189062 0.08664458440128676 0.06469928278414906 0.620166511202194
12.019811172 0.7768544355909827 0.08664110692765976 0.06473721346432727 0.6203221724925201
12.066546584 0.7768097626698898 0.08662926704354353 0.06475988428291288 0.6203774013452712
12.106302025 0.7767925964480508 0.08668142696996133 0.0648502823371607 0.620382167057321
12.14630143 0.7767551362371342 0.0867062055996948 0.06485501754807887 0.6204251114667855
12.192830396 0.776745245982606 0.08663106114654083 0.06476304198159447 0.6204575976497796
12.23281727 0.7767551823483518 0.08662032857825676 0.06478594514331949 0.6204442655741614
12.280021767 0.776736095436675 0.08658352906440622 0.06477208192028563 0.6204747440019242
12.319698903 0.776711707557356 0.08653281685749281 0.06472217033186504 0.620517554640944
12.366182268 0.7767069262017371 0.08651590966174656 0.06472633736895728 0.6205254623433675
12.419577042 0.7767166155595534 0.08655364691111926 0.06471197700936465 0.6205095691056165
12.472962165 0.776701273482189 0.08654267356895531 0.06468904508066511 0.6205326944402161
12.5263592 0.7766879137040779 0.08655514000755432 0.06468083679534754 0.6205485329897521
12.57335154 0.7766737775148524 0.08649127059451102 0.0646956707912325 0.6205735843658101
12.626562867 0.7766934042996105 0.08643335162238847 0.06465088271795258 0.6205617574493227
12.679850784 0.7766913614021032 0.08624388662735803 0.06451257021245732 0.6206050671943776
12.73330672 0.7766955417902529 0.085986832486636 0.0642810654256364 0.6206595239177483
12.780052592 0.7766175850546126 0.08596495404844869 0.06428352718905808 0.6207598419610624
12.833300442 0.7765820870695499 0.08604476317844247 0.06430894620247962 0.6207905606648626
12.873206056 0.7765800770271659 0.08600889180125355 0.06427674009026531 0.6208013814248241
12.919909639 0.7765875105146011 0.08595672007405362 0.0643076905708598 0.6207961031774346
12.973142177 0.7765894332446472 0.08593398396338049 0.06434267467509555 0.6207932206367864
13.019996081 0.7765791057877905 0.08591698405903729 0.06434111443657443 0.6208086543348881
13.059874056 0.7765617661093513 0.08588482041274807 0.06433889611198051 0.6208350243719235
13.106826983 0.7765463100235526 0.08591802509334918 0.06433428889203452 0.6208502400946779
13.153699163 0.7765407419517577 0.08590112475606168 0.06433004213486399 0.6208599830344873
13.19336724 0.7765146222643017 0.08589699069296006 0.06431450720645478 0.6208948321273203
13.240274232 0.776501935352767 0.08584970963392902 0.06428364176913055 0.6209204338319649
13.286996448 0.7764442802891539 0.08577878952852135 0.0642586484911249 0.6210049154132145
13.326880836 0.7762966918644512 0.08566757111489748 0.06417625154863098 0.6212132662755603
13.373474708 0.7761862120063839 0.08572845076737587 0.06422683237808074 0.6213376787407024
13.420215436 0.7759731363723721 0.08569697707049821 0.06426318594743001 0.6216043457709162
13.460159101 0.7758013242493876 0.08562810179182592 0.06424771715995815 0.621829851580124
13.506904808 0.7756927603532267 0.08559916397189068 0.06428322340339568 0.6219655873533312
13.553689939 0.7755852069822646 0.0855495451660947 0.06423214325165713 0.6221118016927911
13.593418118 0.7755600876244203 0.08554192670794021 0.06426379640315664 0.6221408954014747
13.6403484 0.7755520018538851 0.08556799432996692 0.06426814502431563 0.6221469410853931
13.686894354 0.7755434862088174 0.08557163233341084 0.06429145292909845 0.6221546478321407
13.726802882 0.775523657609744 0.08559678979712491 0.06432597202789064 0.6221723357613212
13.773479783 0.7754969664151318 0.08556793546891493 0.06431119452031529 0.6222111006401975
13.82697789 0.7754972373763596 0.08552658274724884 0.064323316824282 0.6222151953929889
13.866833697 0.7754978749087872 0.085497869415307 0.06431998733005694 0.6222186911104967
13.913565671 0.7754740756039674 0.08556426592076533 0.06429136748509336 0.6222421831815242
13.967180646 0.7754773124961306 0.08554347329499865 0.06428807380035756 0.6222413483106424
14.006864417 0.7754726414354808 0.08553136673437826 0.06431721399652067 0.6222458225439149
14.053721582 0.7754757512570616 0.0855284115523908 0.0642888356154858 0.6222452857554053
14.093618032 0.7754677525321921 0.08558906683478973 0.06431686680870081 0.6222440172994295
14.154206446 0.7754530956284762 0.08559011195347807 0.06436581653605697 0.622257077804384
14.193693037 0.7754303769801077 0.08562475912895068 0.06439706874115338 0.6222773888051407
14.240661085 0.7753797577893983 0.0856226490494687 0.06441758619233884 0.6223386278942986
14.287323728 0.7753818028519183 0.08565523770398553 0.06437906508290696 0.622335581530603
14.327342465 0.7753527771592156 0.08560655339221343 0.0643914344329843 0.6223771622894438
14.374094571 0.7753258481581222 0.0854952443706784 0.06437948706158432 0.6224272439519124
14.414177377 0.7752958429534543 0.08548968293961101 0.06438516066499864 0.6224647950656486
14.46061512 0.7752723422489202 0.08549033714778607 0.06444185910344467 0.6224881078330116
14.500499551 0.7752575584534365 0.08555293342685616 0.0644806593249687 0.6224939021515742
14.547322599 0.7752555426912183 0.08563509095955733 0.06450895351125376 0.6224821841946772
14.594269305 0.7752332414069699 0.0857005415891438 0.06455603469757286 0.6224960698455021
14.634073521 0.7752333177419379 0.08565667243697271 0.06451356731647476 0.6225064153580713
14.680842819 0.7752226160315723 0.08569793154010298 0.06449803984927989 0.6225156728778112
14.72739294 0.7752258272757883 0.08564892512079209 0.06445688501046977 0.622522680972324
14.774348502 0.7752208366228052 0.0857351378532214 0.06454162184663967 0.6225082486622429
14.820861114 0.7752111918252425 0.08582602958360036 0.06462004301366914 0.6224995990004443
14.874199624 0.775227044179712 0.08587285856197321 0.06462373864057164 0.6224730151090063
14.920653636 0.7752150496024486 0.0859799156460507 0.06472190972755366 0.6224629751050175
14.960625784 0.7752199274802508 0.08589932953709348 0.0647092145301518 0.622469346054473
15.007407012 0.7751988532282179 0.08583918311792416 0.0647191908928444 0.6225028505360268
15.04757794 0.7752033273451228 0.08582785793089684 0.06470813056530102 0.6224999902930024
15.094348425 0.7751963052813866 0.08574892400060877 0.06472866409970426 0.622517477951176
15.140860287 0.7751768961035534 0.08566210657949871 0.06467607776127565 0.6225590640325147
15.19431111 0.7751195182317344 0.08570469324192578 0.06469004208059435 0.6226231897930901
15.234489752 0.7750780162272227 0.08566699125242284 0.06471390791278331 0.622677561418176
15.2813441 0.7750502549638616 0.08571123121139386 0.0647484240203726 0.622702439943476
15.327616125 0.7750459709101118 0.08569841770900401 0.06473919707923717 0.6227104949651251
15.374199144 0.7750549144981668 0.08568291080629799 0.06467341278624973 0.622708332999149
15.414366742 0.7750577319462123 0.08568382256103843 0.06470043214114769 0.6227018939930011
15.46130224 0.7750455724958003 0.08568687396906745 0.06472760795893885 0.6227137841351996
15.501108567 0.7750208474245719 0.08569774050332021 0.06470974643570682 0.6227449173186007
15.547698401 0.7750113701760935 0.0856823029532643 0.06472145791353322 0.6227576189368911
15.594570054 0.7749676531016482 0.08575749042426677 0.06472784470980278 0.6228010080286313
15.641150292 0.7749125451389256 0.08576618649256515 0.06472710642880969 0.6228684534748802
15.680915119 0.7748874754177422 0.08575112306823403 0.06472714805824117 0.6229017110568098
15.727718782 0.7748713888377328 0.08575664577033043 0.0647520252180477 0.6229183764323111
15.774511158 0.7748329402380658 0.08578164569323729 0.06474995169070148 0.6229629746142589
15.814461726 0.7748305579930107 0.0857612339594695 0.06474654846364115 0.6229691016511448
15.861411489 0.7748365901506393 0.08573391500457418 0.06474062915922867 0.622965974446266
15.907895166 0.7748571243680584 0.08551822011390108 0.06454329124341907 0.622990557231874
15.947897638 0.7748712539338074 0.0853479555410684 0.06438924776710962 0.6230122720171688
15.994492441 0.7748571732074835 0.08542919660973895 0.06443542460190528 0.6230138758903327
16.041273408 0.7748583826132905 0.0855125920891611 0.06444070945449339 0.6230003839911417
16.087837787 0.77487621721941 0.0855767530537087 0.0644684117754989 0.622966524949509
16.134600303 0.7748617114043217 0.08555517303506956 0.064496041990096 0.622984671668667
16.18144157 0.7748549326258304 0.08557493604908946 0.06450390515726909 0.6229895744914808
16.228161009 0.7748530451828775 0.08557837876996169 0.06444843225555431 0.622997190232611
16.268066853 0.7748507625884858 0.08555141199567787 0.06437510942293054 0.6230113136279095
16.314814608 0.7748105203413762 0.08558210132196652 0.06436750146255335 0.6230579317022703
16.36146821 0.7747823883451624 0.0855976583976193 0.0643762024561133 0.6230898780628201
16.401362714 0.7747548791316606 0.08561858439370883 0.06437396259165745 0.6231214393746624
16.448017019 0.7747154344588139 0.08559446690016762 0.0643442195825979 0.6231768643440431
16.495006724 0.7747115170964834 0.0855644936337723 0.0643617305554908 0.6231840421152997
16.534796305 0.7747109219478874 0.08555403709759155 0.06436336959460295 0.623186048307716
16.581454756 0.7747105932907057 0.08555530097276313 0.06434792664936635 0.6231878781351179
16.628093593 0.7747068272161439 0.08556085025981412 0.06439587311277964 0.6231868454111946
16.668077689 0.7747165076637557 0.0855405912341304 0.06435829831423688 0.6231814739244784
16.714896845 0.774723850161293 0.08552675569606381 0.06435744551923836 0.6231743329579665
16.761720215 0.7747308582082117 0.08556200100547424 0.06434903815082647 0.6231616504671723
16.80158221 0.7747270154196184 0.0856088633099468 0.06441615222669976 0.6231530577908576
16.848383032 0.7747395359825349 0.08553282703608137 0.06436748110409109 0.6231529621698809
16.894844393 0.7747292904576475 0.08549742148802915 0.06433723972781419 0.6231736812559515
16.941649006 0.774723576539024 0.0855075207084663 0.0643402578764295 0.6231790874806927
16.988484488 0.7747163604332452 0.08553294360116245 0.06436885159926031 0.6231816166895323
17.034922571 0.774701238577478 0.08553568638877528 0.06433865610100443 0.623203156788891
17.075215305 0.7746829112851679 0.08557940551721295 0.06434161982271151 0.6232196308466598
17.121926032 0.7746491885351586 0.08552110727096379 0.06431362404649697 0.6232724385651707
17.161717256 0.774647964033667 0.08553322372526341 0.06434873585173777 0.6232686737290283
17.208824348 0.7746121514066875 0.08555300754946074 0.06435992988477006 0.6233093110307052
17.255482194 0.7745966808196529 0.08554571875111826 0.0644013062852166 0.6233252632577064
17.295777567 0.7745802409534146 0.08560277441331073 0.06444060186021103 0.6233337983530077
17.341868836 0.7745725852178565 0.08555134330833393 0.0644517071240313 0.623349224220151
17.388678735 0.7745849368854426 0.08559170636700222 0.06442969111184585 0.6233306107152063
17.428591 0.7745803895967642 0.08553862843794817 0.06442573322102448 0.6233439564125196
17.475375626 0.7745533424537953 0.08546528570978922 0.06440554475085164 0.6233897099227289
17.522173765 0.7744899079990446 0.08546840364191417 0.06442969970082335 0.6234655950275012
17.561897503 0.7744256379440015 0.08552928598959234 0.0644917859113696 0.6235306584949123
17.608569436 0.7743107958960992 0.08566521087333501 0.06461957152206685 0.6236413825116813
17.65540754 0.7741970492008176 0.08564076163925448 0.06460957934417377 0.6237869758271363
17.695353045 0.7741789157172623 0.0856206921740556 0.06458020908603837 0.6238152772455027
17.742112314 0.7741400045373629 0.08557167907919729 0.06456506194134588 0.6238718569473775
17.782101004 0.7741458435652839 0.08557681650776347 0.06457413190424796 0.6238629680112487
17.828955149 0.7741243709245682 0.08555703944485504 0.06457618403813273 0.6238921123056022
17.87538118 0.7740856896264503 0.08556149014098045 0.06461412596370744 0.6239355665822747
17.915648597 0.7740895796424448 0.08559377729683955 0.06466196416813975 0.6239213559151187
17.962334846 0.7740534367686862 0.08558383781764042 0.064722713584525 0.6239612600772944
18.008829716 0.7740614291152427 0.08561829705710051 0.06470922957720851 0.6239480160819766
18.04898176 0.774061441793765 0.08568023231427493 0.06468746524740956 0.6239417552613346
18.095684035 0.7740724434178612 0.0855939818140674 0.06465700088355053 0.6239431022577778
18.142590256 0.7740838764560471 0.0856127888071008 0.06464908290349991 0.6239271581548493
18.18204843 0.7740891716339154 0.08543460551169411 0.06449806765586873 0.6239606412337552
18.22889852 0.7739778458606542 0.08544320141513907 0.06449705651001246 0.6240976551393039
18.268995594 0.7738271234042665 0.08548343326613098 0.06455121976266681 0.6242734222662895
18.315532151 0.7737040949758036 0.08553299518555683 0.06462428386309793 0.6244115486499606
18.362392085 0.773670360408943 0.08557779229083418 0.06470507077876679 0.6244388430477703
18.402380412 0.7736388783098651 0.08554439600833968 0.06471466859964602 0.6244814280241329
18.448954226 0.7735852285912093 0.08555032984672492 0.06469043443679616 0.6245495839891192
18.489109913 0.7735905005660036 0.085549611422386 0.06468814194159836 0.624543389775012
18.535812276 0.7735924593718948 0.0856092402914824 0.06473360486972476 0.6245280819788881
18.582474319 0.7735793225309961 0.08557670827925173 0.06471788710041876 0.62455044139111
18.622379876 0.7735704392913417 0.08557739888849636 0.06472865902650131 0.6245602332479318
18.669131322 0.773576257442076 0.08562036325077832 0.06476586472023067 0.6245432811949517
18.709059326 0.7735891068459684 0.08562011300254625 0.06469619528941924 0.624534620604624
18.755715078 0.7736142949987168 0.0854486409524142 0.06457933297454342 0.6245389996514124
18.802496381 0.7736379679466077 0.08544570553861155 0.06456693285238348 0.6245113586945304
18.849467781 0.7736359266308945 0.08549128800089685 0.06461700351797642 0.6245024704180624
18.889282773 0.7736381547085373 0.08555053545228648 0.06465533944831561 0.6244876288156713
18.935843502 0.7736388341833111 0.08548549746534821 0.06462635032515136 0.6244986940020291
18.982480476 0.773642577473191 0.08534773376649979 0.06459405930940948 0.6245162401118908
19.022533716 0.7736248477281398 0.08533853903199669 0.06460767464738955 0.6245380509705988
19.069349616 0.773632207240708 0.08536154267677705 0.06463753060600991 0.624522701419947
19.116067655 0.7736466431406901 0.085317395712839 0.06465227255105538 0.6245093251504772
19.155983612 0.773654984175791 0.08526852194969606 0.0646198705734256 0.6245090207127072
19.195918488 0.7736804418099161 0.08527514173864743 0.0645748909099978 0.6244812308037998
19.242580249 0.7736996528076333 0.08531608334568497 0.06457520423381825 0.6244518045182195
19.289653949 0.7736988370444692 0.08539198578646341 0.06462564280914304 0.6244372223138092
19.329400362 0.7736920959561079 0.0853751982194564 0.06466905663049162 0.6244433755742435
19.376057539 0.7736872533388399 0.08543544400443719 0.06464107114580026 0.6244440334008245
19.422763308 0.773672808255987 0.08545221685518013 0.06466230459945094 0.6244574371113839
19.462566935 0.7736905159140383 0.08545596706541453 0.06463113774604114 0.624438210963452
19.509496036 0.7736842071283069 0.08544327340418753 0.06464513562728903 0.624446315634859
19.549357117 0.7736773345422189 0.08542007928567445 0.06462183588449184 0.6244604153966803
19.596069834 0.77368833895986 0.08541728132375903 0.06463942093943574 0.624445343860778
19.636184661 0.7736849778747308 0.08546179858522218 0.06468556663439806 0.6244386386689593
19.683268664 0.7736877491784745 0.08546919342961147 0.06470154267858319 0.6244325376857367
19.729457488 0.7736704089956178 0.08550487323297054 0.06471513078027998 0.6244477293945896
19.769796833 0.7736704982868988 0.08554867036979431 0.0647065121028861 0.6244425132627831
19.816129519 0.773657263033046 0.08562082337454162 0.06477302129658673 0.6244421267603538
19.856109794 0.7736588134484611 0.0857187163003043 0.06483862534437436 0.6244199666192612
19.902864596 0.7736658551905594 0.08569570258943941 0.06481341772861339 0.624417017667119
19.950324854 0.7736752764866068 0.08565308432449181 0.06477234034234432 0.6244154543456221
19.989561187 0.7736792647988116 0.08570096853716277 0.06479434226601528 0.6244016595289262
20.036308587 0.7736602180459868 0.08573007215471119 0.06480851554941774 0.6244197931309231
20.076397728 0.773668832511998 0.08570932343929111 0.0647713283339155 0.6244158265939143
20.123077279 0.7736699347780952 0.08572004422635313 0.06479339006097898 0.6244107002948428
20.169927071 0.7736834180717994 0.08563834126368984 0.06475600732888477 0.6244090827503733
20.20967706 0.7736842621504777 0.08565589092097593 0.06475346790967954 0.6244058930254222
20.25652128 0.773682549000355 0.08553426228641728 0.06473468821621821 0.6244266357939744
20.296454558 0.7736859532659448 0.08545107336414386 0.06467411318937097 0.624440084285955
20.343063414 0.7736694293060247 0.08552571400259142 0.06471352502845577 0.624446255557697
20.389609163 0.7736621791572051 0.08554906473762013 0.06473645184337447 0.6244496631971015
20.429647817 0.7736621285789228 0.08563226402795276 0.06478304030506524 0.6244334903326454
20.476589119 0.7736744844598457 0.08559067940950206 0.06471539919948328 0.6244308967375521
20.516528681 0.7736640686663611 0.08554960467777045 0.06468101813330755 0.62445299253613
20.563060796 0.7736602467753965 0.08555854975718391 0.06467905518884413 0.6244567054190054
20.609949144 0.773656503714379 0.08557595808760132 0.06470160575817846 0.6244566212877763
20.656516848 0.7735981705995558 0.08556777153063576 0.0646736943049053 0.6245328976004845
20.69668482 0.7735558230248833 0.08561380710690597 0.06465516289398016 0.6245809592103412
20.7432351 0.7734306905919789 0.0855838255970422 0.06466849432989913 0.6247386345406323
20.789970882 0.7733267457600183 0.08555154861287606 0.06467588071910743 0.6248709524976871
20.836884878 0.773323828899814 0.08552437582979941 0.06467778122109023 0.6248780852382098
20.876518245 0.7733282717626372 0.0854930263988905 0.06463043671492022 0.6248817753621961
20.923420608 0.7733386689789351 0.08552729321874333 0.06463945835733416 0.6248632855271901
20.97003057 0.7733488102589303 0.08553059709128921 0.06463676484919856 0.6248505607440343
21.016860087 0.7733473235534449 0.08544836848222259 0.06459190510566289 0.6248682895389002
21.063491484 0.7733297994333815 0.08532612856150847 0.06451436775854968 0.6249146897343232
21.103324298 0.7733169571747712 0.08536432866447323 0.0644863974964352 0.6249282516221751
21.143252102 0.7732771197963201 0.08538630884153588 0.0645254250842068 0.6249705143281787
21.19016865 0.7731977878266316 0.08539587795143286 0.06452747858627803 0.6250671399427463
21.236928519 0.7731191140221587 0.08543654772267001 0.06458904770901404 0.6251525307977783
21.283407593 0.7730650381982005 0.08545263395774391 0.06463043907350291 0.625212924059048
21.323368034 0.7729285986405731 0.08544705688497128 0.06463177157041261 0.6253822159103075
21.37678847 0.7728144756926689 0.08548432752255566 0.06466257153605266 0.6255149620514497
21.423598076 0.7727672799532107 0.0855055706232678 0.06468914886588362 0.6255676162055649
21.463624969 0.7727147732573991 0.0854663138847861 0.06466569009840717 0.6256402615759399
21.517280345 0.7727018311702973 0.08550834229537232 0.06467681637260467 0.6256493530148267
21.557113371 0.7727007165177697 0.08553262711693807 0.06466286369622747 0.6256488523525024
21.603761165 0.7727126110130237 0.08546742889018086 0.06465310275852162 0.6256440806752935
21.643850125 0.7727089932299364 0.08543933677590675 0.06466035520184668 0.6256516362785625
21.690461415 0.7727244239766589 0.08532839400475145 0.06462338728245379 0.625651538464226
21.737291284 0.7727241310171817 0.08533653532039868 0.06458988711074118 0.6256542492193861
21.776969243 0.772710476741265 0.08529335848417785 0.06460742486594788 0.6256751895232601
21.830357096 0.7727080841899573 0.08509181030840894 0.06451368424750924 0.6257152587165639
21.870391011 0.7726897015974711 0.0848602247369139 0.06435711312686143 0.6257855297885914
21.917263001 0.7726508229650012 0.08484694119835487 0.06433126842471198 0.6258379904125803
21.963921733 0.7726558543688774 0.08489672741818699 0.064422221322112 0.6258156707714397
22.010410389 0.7726436830556304 0.08488347074486753 0.06442342889054448 0.6258323715169429
22.057268289 0.7726361769600826 0.08488361394170682 0.06441189273208234 0.6258428063111169
22.103796617 0.7726425304939911 0.08488688872675007 0.06442826529152193 0.6258328329719203
22.150768225 0.7726498692193005 0.0849193006639565 0.06439121899877052 0.625823188197749
22.190528886 0.7726629036022887 0.08494166556372076 0.06435836335318593 0.6258074399642758
22.237297165 0.772690414248796 0.0849363765552231 0.06434747951299466 0.6257753091533879
22.283958411 0.7726765197585931 0.08492544375239815 0.06433726264834708 0.6257949995422817
22.323918759 0.7726978177231782 0.08487270434207449 0.0643153856988272 0.6257781058058136
22.37046031 0.77268637167986 0.08489081171405012 0.06434325591713982 0.6257869178280451
22.417518179 0.7726868557719581 0.08485289988424867 0.06437140754621783 0.6257885666812696
22.457124025 0.772673851032966 0.08489646525289558 0.06443901993656238 0.6257917567586401
22.504111994 0.7726738479476808 0.08496186827305181 0.06448367487914276 0.625778284467716
22.54405386 0.772666846871305 0.08503436299626113 0.0645485340735359 0.6257703952766807
22.590662707 0.7726785012379305 0.08499461655389459 0.06453770872759998 0.6257625212760457
22.637546316 0.7726615372140515 0.0850103342125785 0.06458690724681682 0.6257762566599788
22.684067018 0.7726515145448649 0.08498708620604185 0.06459321732236774 0.625791138100947
22.730984106 0.7726390203020121 0.08509635946932616 0.06466216074343244 0.6257845946328534
22.770944466 0.7726309261365554 0.08516262156651017 0.06472951642208552 0.6257786106675836
22.817632959 0.7726299130146174 0.08512011300416174 0.06476350038922946 0.6257821289350773
22.864245951 0.7726370203156349 0.0850806724288055 0.06468902223141781 0.6257864207695648
22.910885931 0.7726449506642057 0.08505366372443242 0.06470655645421061 0.6257784880067359
22.957607977 0.7726489784283558 0.08501492400395487 0.06471392555819533 0.6257780170867849
23.010904714 0.7726184539642234 0.0850481211137893 0.06477640819594142 0.6258047288333483
23.051036775 0.7726280039049896 0.08515444972940532 0.06486666272126115 0.6257691294243267
23.09773553 0.7726219523241727 0.08528979691662637 0.06498922621803094 0.6257454512853339
23.144447924 0.7726382922394975 0.08520898327211456 0.06496340700900625 0.6257389665705241
23.184254714 0.7726429062632597 0.08517375401702422 0.06491341031043232 0.6257432542102077
23.231247391 0.7726413634211315 0.08519000818069976 0.06492779871285013 0.6257414537899905
23.284595497 0.7726291287057665 0.08519865577012485 0.06498548747821271 0.6257493946841268
23.324423578 0.7726265297551135 0.08530533689797917 0.06506666012240099 0.6257296339121305
23.371056961 0.7726200177113076 0.08549164635793034 0.06518285092265447 0.6257001538919297
23.417836639 0.7726293004550822 0.08573356182307582 0.06535058614694472 0.6256380913480813
23.464374528 0.7726634883772318 0.08571844526289138 0.065372210320265 0.625595680922018
23.517746992 0.7726895115997654 0.08570952267616275 0.06537552680016748 0.6255644146544311
23.564711866 0.7727083264790379 0.08576867210096543 0.06542882170111197 0.6255274944930925
23.60446341 0.7727496025162055 0.08577344270656409 0.06538621345672421 0.6254803045876841
23.651544466 0.7727528826404382 0.08573346793241068 0.06537125859518575 0.6254832958575769
23.698080851 0.7727598928820454 0.08565406466989378 0.06526851523724428 0.6254962430560081
23.737960192 0.7727549168649593 0.08566174478150602 0.06527244496901802 0.6255009287521358
23.784450081 0.7727487276022323 0.0856420457314958 0.06525412453572957 0.6255131838923387
23.824546819 0.7727424501581078 0.08561959662456649 0.06523326649493047 0.625526187573224
23.871325434 0.7727473696342465 0.08560651976335616 0.06524397147854326 0.6255207835740285
23.918035024 0.7727624734036523 0.08560323677077183 0.06522881065456484 0.6255041549134807
23.964826196 0.7727678424169238 0.08559498301664402 0.0652065433654556 0.6255009730695885
24.011273217 0.7727489921538799 0.08559430390331375 0.06526250778160808 0.6255185171859627
24.058053562 0.7727485387895143 0.08560631133110805 0.06527398948053291 0.6255162360452743
24.111299844 0.7727530601301829 0.08546342087603462 0.06519532214955157 0.6255383934831018
24.151265925 0.772754335894692 0.08549387295606863 0.06521030340479904 0.6255310946490023
24.198358875 0.7727499016094226 0.0854911649720254 0.06524707547391805 0.6255331081697071
24.238085221 0.7727601380803738 0.08548390168314776 0.06522117278026654 0.6255241563426581
24.284574086 0.7727723535870719 0.08554882198191281 0.0652348467152504 0.6254987636782685
24.331556784 0.7727833506462138 0.0855287317546145 0.06522154807674958 0.6254893113994279
24.371423339 0.772793182646831 0.08552452999515377 0.06520674874850764 0.6254792814644934
24.418461001 0.7728115083196757 0.08550589309035364 0.0651934891768084 0.6254605693602453
24.458213512 0.7728132726941002 0.08538257033822627 0.06510684225698818 0.6254842614499552
24.504993191 0.7728224143505109 0.08516833576116667 0.0649848754921455 0.6255148570724688
24.551761302 0.7728426991445174 0.08507836309399745 0.06486892783967131 0.6255140739529323
24.591568249 0.7728542402683738 0.08509203423202395 0.06489178307817367 0.6254955839159748
24.631703248 0.7728430232331835 0.08509308884922828 0.06493355476053249 0.6255049649171869
24.678387511 0.7728439839688387 0.08503896383985615 0.06493404422744121 0.6255110878093895
24.731716604 0.7728474040699532 0.08502180019858409 0.06496937593922886 0.6255055265170675
24.771603419 0.7728478117531414 0.08499293367171468 0.06497035643742094 0.625508843965176
24.825310103 0.7728279505688198 0.08500694212036827 0.06503984173118034 0.6255242582014908
24.878522422 0.7728211235621453 0.08500123391681996 0.0650300719983043 0.625534484217023
24.918332805 0.7728242324990291 0.08501754904548445 0.06501789857854719 0.6255296914463894
24.971721992 0.7728220071507448 0.08505362918777261 0.06503660299148203 0.6255255915602587
25.018502264 0.7728199565024321 0.08518117157717271 0.0650587394200029 0.6255084677807322
25.065140721 0.7728206410564277 0.08518171471282408 0.065045369760191 0.6255089384720857
25.118495186 0.7728108685922317 0.08516626815678628 0.0650472533156736 0.6255229196360862
25.158521412 0.7728084897594613 0.08520298215919062 0.06510241923374985 0.6255151197187758
25.205373516 0.7728074141351136 0.08531148189661535 0.0651415724096994 0.6254975837350569
25.245403563 0.7728052878799372 0.08531500024690307 0.06513655104453771 0.625500253777487
25.291823083 0.7728175411001211 0.08524576317184679 0.0650344427194069 0.6255051792666373
25.331705536 0.7728181586992395 0.0852748851297477 0.0650421378696038 0.62549964656439
25.37870506 0.7728144740590533 0.0853284513403405 0.06510534377798663 0.6254903183009614
25.418608732 0.7728069735324845 0.08527131657394874 0.06507675091682139 0.6255103522080327
25.471899228 0.7728079395159986 0.08529687758866215 0.06512490265052093 0.6255006621494671
25.525418791 0.7728184492028632 0.08523362432629102 0.06505743750699765 0.6255033202796844
25.571938082 0.7728082060648721 0.08524334156153018 0.0651023296122203 0.6255099807655193
25.618771268 0.7728079843050861 0.08528844956859355 0.0651071253416728 0.625503606699625
25.665474416 0.7727939880809265 0.08526497936027683 0.06509720286825098 0.6255251309575007
25.711967327 0.772778926855292 0.08531894989911896 0.06513302868865906 0.6255326494838915
25.752090601 0.7727604237629531 0.08539128980513856 0.06522353454341266 0.6255362064923022
25.799042477 0.7727555968491284 0.08538466402478449 0.06522435175571367 0.6255429886312921
25.845631402 0.7727646840899646 0.08549397716111266 0.06532491218091947 0.6255063378904068
25.892245393 0.7727314440688062 0.08557724672741125 0.06537414009651521 0.6255308721370468
25.945618788 0.7727434959305922 0.08555779261424688 0.06530771973735643 0.6255255832998771
25.985599046 0.7727445080160481 0.08561781884362493 0.06532598567373349 0.6255142124870154
26.032168555 0.7727517474291888 0.08556569928454447 0.06528127845230068 0.6255170682201369
26.0857875 0.7727489946754873 0.08555236886657805 0.06526914568512347 0.6255235583340365
26.125515935 0.7727485874866826 0.08554592870536827 0.06525363162904818 0.6255265607298329
26.179230725 0.7727674852325117 0.08562752333187358 0.06531306928230404 0.6254858463597671
26.218966164 0.772768633088063 0.08557234278811372 0.06529627779871137 0.6254937329586875
26.27229887 0.7727669947130732 0.08561091945014428 0.0653126771043342 0.6254887661361243
26.318806821 0.7727482819229152 0.08560470067965699 0.06531581801970257 0.6255124074893689
26.358767575 0.7727170871048182 0.08568944252195627 0.06539703827738667 0.625530854651525
26.405451452 0.7727078618855573 0.08579887006723667 0.06548795101364611 0.6255177394346786
26.46573656 0.772684020327364 0.08591224926713235 0.06564887090949814 0.6255147607410332
26.506093343 0.7726875019845756 0.08588475443348496 0.06557753867876234 0.6255217179711445
26.552515711 0.7726809007699438 0.08597149414172803 0.06561917068295162 0.6255135907550441
26.59933686 0.7726987871501414 0.08596101399385182 0.06557679521840105 0.6254973799615258
26.639142848 0.7726824014076675 0.08603626734734042 0.0656234263404375 0.6255023846246778
26.685888285 0.7726659467478462 0.0860757387434527 0.0656354845113509 0.6255160150699451
26.725655229 0.7726684597505207 0.08609353101027017 0.06564437770605647 0.6255095290245596
26.772342853 0.7726636361829015 0.08620438912329906 0.06569504732776836 0.6254948995580205
26.825945468 0.7726511548083055 0.08615706983851036 0.06568379675657218 0.6255180182327886
26.866097397 0.7726237309052704 0.08612372226350802 0.06571572267124749 0.6255531301970236
26.90584401 0.7725736931961139 0.08610567189079363 0.06571745211362423 0.6256172298916052
26.952620182 0.7725634380704495 0.08615226113012178 0.06573668127064836 0.6256214596658712
26.992664834 0.7725490450413008 0.08623689841862173 0.06579449619879853 0.6256214946969588
27.039473457 0.7725564616843837 0.08634066636442754 0.06586891933948268 0.6255901919839381
27.08587479 0.7725407646852146 0.08653202893268352 0.0660385663346787 0.6255652504933737
27.139439553 0.7725354849039421 0.08653102933722988 0.06603560156259025 0.6255722219315188
27.193010372 0.7725287523076887 0.08653430578757783 0.06603789779130786 0.6255798404960735
27.232754844 0.7725387609688124 0.08651533219294076 0.06603808312242061 0.6255700853412298
27.279414961 0.7725285638179796 0.08651714428342638 0.06604244490431462 0.6255819668927735
27.319363047 0.7725163369423176 0.0865185702504727 0.0660686052989056 0.6255941060726956
27.359274201 0.7725164124190549 0.08652487077741426 0.06605728313859449 0.6255943371103132
27.412912056 0.7725163415958543 0.08659287800321816 0.06607615319915151 0.6255830220081742
27.459635982 0.7725185431479495 0.08663796621316865 0.06612006669781219 0.6255694206743903
27.512881134 0.7725157910852 0.08656447834176581 0.06607864297906527 0.6255873692422752
27.55292394 0.7725102170875099 0.08648346164197601 0.0660189733398852 0.625611757016264
27.606142296 0.7725171279649894 0.08644796152715599 0.06601593144595669 0.625608450825152
27.659822558 0.7725150554857954 0.08641708044890872 0.06603988566330408 0.6256127482365135
27.699634131 0.7725097646321085 0.08638987240387916 0.06597031080173306 0.6256303793669299
27.739554906 0.7725017868827239 0.08632941986660625 0.0658878182503779 0.6256572671476764
27.786443762 0.7724742569929961 0.08626952996105727 0.06588453623410227 0.6256998628485018
27.82649576 0.7724620390415188 0.08627302329707578 0.06590383263157981 0.6257124327800032
27.879632259 0.7724270818679599 0.08630376298085281 0.06590420142490393 0.6257513083700572
27.926447085 0.7724142760250587 0.08634049905892889 0.06588405099310121 0.6257641698273224
27.966200809 0.7723896042752549 0.08637009712251709 0.06589779853489339 0.6257890904121105
28.013134038 0.772324220789798 0.08638460806286617 0.06589025160144234 0.6258685742351624
28.066530514 0.7722161823964244 0.08639955711180447 0.06585860773915005 0.6260031373424872
28.119724337 0.7721780953357723 0.08636585979784007 0.0658699774167732 0.6260535707270686
28.173041236 0.7721345869514011 0.08636907611283562 0.06587823273736226 0.6261059181769538
28.213167602 0.7721164131200342 0.08633958825018677 0.06589591705400732 0.6261305360761863
28.259710973 0.7721216276197663 0.0863449496850218 0.06591181908468073 0.6261216925891022
28.313278495 0.7720981599678428 0.0864295183209677 0.06602979204108224 0.6261265337773896
28.366539438 0.7720438545354007 0.08638469494535836 0.066028276294362 0.6261998386161672
28.420098917 0.7720257909304157 0.08639517361428853 0.06598519493152535 0.6262252040314823
28.460081223 0.7720325338454286 0.08633303404743567 0.06595458744004142 0.6262286853155049
28.513144304 0.7720418823388615 0.08631867671786284 0.06594829280141941 0.6262198021788539
28.566649014 0.7720352057756965 0.08637136314996055 0.06595292618970346 0.6262202808896493
28.606557333 0.7720387086534739 0.08638020215350155 0.06601599864853562 0.6262080971522432
28.653624808 0.7720295614765934 0.0863723066760237 0.06598992959641657 0.6262232110338787
28.693315707 0.7720230875486989 0.08644056079499617 0.06600913887321257 0.6262197500290434
28.733467332 0.7720128207928887 0.08641248385584362 0.06605009216995082 0.6262319638038383
28.786609062 0.7720108799061196 0.08648245659419744 0.06610676719414127 0.6262187168547035
28.833368155 0.772022428004188 0.08644133835680987 0.06607719276982006 0.6262132785858682
28.886945508 0.7720582042594546 0.08643743215785621 0.06609143383949705 0.6261682057807326
28.927038911 0.772194369997317 0.08645807743888058 0.06608392082128288 0.6259982198049014
28.973444617 0.7727954275146708 0.08648531841076282 0.06604262821016244 0.6252566578381237
29.013329405 0.7734939556281637 0.08655720415353903 0.06595013288442662 0.6243921291851343
29.053326001 0.7740773182293006 0.08668749816443995 0.06584780788152708 0.6236614861141595
29.100276144 0.7748618589263475 0.0866910059807129 0.0656884678324947 0.622702813753942
29.140124111 0.7755655469565524 0.08655331105711923 0.06542156763907073 0.6218734800638147
29.186842954 0.776312573016257 0.08649127202733035 0.06523759124238847 0.620968683211049
29.226926825 0.77702290662969 0.08657048791025371 0.06514804975769949 0.6200779667174902
29.280384329 0.7784647865333602 0.0867276383888184 0.06499147388394085 0.6182612725939266
29.327045877 0.7802341801619145 0.08683006619628618 0.06477231922654812 0.6160354781775381
29.373694744 0.7819526009218244 0.08697450067312365 0.0645401890684227 0.6138567667943942
29.426890763 0.7837066829138968 0.08709426616234807 0.06418987442767692 0.6116355810273777
29.473721071 0.78488933838528 0.08724510439003402 0.06400962138329372 0.6101145684373199
29.527104829 0.7861293598532393 0.08734506448474727 0.06382009466545621 0.6085215401313119
29.566992659 0.7874376970909148 0.08743180014325519 0.06359485650466429 0.6068387329019284
29.613681165 0.7894176284112188 0.08752114921610647 0.06323293507281226 0.6042859027940142
29.653955986 0.7913352999691745 0.0874742562781181 0.0628089398097931 0.6018236740036541
29.700334962 0.7933537706966799 0.08718234166639409 0.06215033828027093 0.5992715321743324
29.75407792 0.7952493159003862 0.08658279008308206 0.06126461060002411 0.5969326540820364
29.79368184 0.7960544550105668 0.08637187349492305 0.06081209473836982 0.595935477430517
29.840863626 0.7964178486095044 0.0864670457144385 0.06074639876175923 0.5954426382609017
29.88039659 0.796401613309325 0.08658156769209426 0.06077560129835195 0.5954447318946633
29.927293058 0.7963614260658021 0.08665910073121794 0.0608584537091373 0.5954787384508631
29.980866917 0.7963214549767477 0.08672802904482114 0.06092520695495997 0.5955153301798465
30.020619856 0.796290712357633 0.08699323936025045 0.06116658150638416 0.5954930117351558
30.06741295 0.7962153827901588 0.08742019356388658 0.061477148106400474 0.5954992310878976
30.107349781 0.7961782892160776 0.08761439851133254 0.06163801798823954 0.5955036554824319
30.154116515 0.7961034930658315 0.08762636569840881 0.06160212639867622 0.5956055963353868
30.194195795 0.7960363641882882 0.08764263347497495 0.06161681967518062 0.5956913993172797
30.240953626 0.7959959359195605 0.08762958195600196 0.06160514173300079 0.5957485483640025
30.280605294 0.7959905680835377 0.08763606693370361 0.06163346779447437 0.595751836708932
30.327427723 0.7959739665219204 0.08764253532329394 0.06163831644610144 0.5957725644632825
30.367345443 0.7959130792082546 0.08762833318519168 0.06160441160436554 0.5958594985726918
30.41411922 0.795833850824038 0.08765496864056449 0.061612022689614424 0.5959606086104174
30.461091881 0.7957530399075952 0.08762744518546534 0.06159639243553619 0.5960741688473147
30.50075016 0.7956166800790565 0.08762711251007879 0.061624471837628106 0.596253311943724
30.547253546 0.7955152428316057 0.08763237043761236 0.061659093112382296 0.5963842907979846
30.587519324 0.7954926316175914 0.08756645093837014 0.061643508298852526 0.596425743573151
30.634079989 0.7954561883609548 0.08755136602626416 0.061649690320453567 0.5964759227232802
30.681065347 0.7954310645957274 0.08754994189709558 0.06164721406796138 0.5965098910727146
30.720820916 0.7953799895651374 0.08753709984525167 0.06163414205640408 0.5965812273974226
30.767478834 0.7953195749538504 0.08748287871975699 0.06159583006629305 0.5966736740837283
30.814590745 0.7953037533916625 0.08739591082684961 0.06152907807771929 0.5967143932927923
30.854343929 0.79525151436932 0.08727487262048407 0.06147765678463695 0.5968070234327443
30.901128801 0.7951240275660905 0.08713251496311637 0.06138081467278128 0.5970076224081121
30.947547623 0.7950464422097598 0.08718531151702427 0.0614398914146988 0.5970971578631341
30.987435436 0.7950303474929181 0.08720520197034054 0.06147148988484224 0.5971124309926396
31.03433356 0.7950417868766022 0.08725410717729556 0.061454012343699446 0.5970918541293401
31.074549933 0.7950212108887172 0.0873435856408705 0.06150997465297527 0.5971004063828999
31.121174408 0.7950261208543912 0.08731414825092713 0.0615064981272474 0.5970985323734745
31.160903117 0.7950197819549989 0.08728503183122595 0.06148267490383428 0.5971136828151882
31.207495984 0.7950088131010467 0.08728035119301916 0.061488148321605984 0.5971284074663241
31.247750063 0.7949702870625089 0.08727800550495243 0.061485707234007037 0.5971802912427399
31.294310307 0.7949128789539107 0.08729169403916011 0.06151213617081605 0.5972519837796121
31.341169698 0.7948771583827637 0.08734942910457315 0.06154696896893042 0.5972874943669803
31.387927298 0.7948669434098659 0.08735308585212032 0.061549598628321246 0.5973002825841136
31.428028945 0.7948782646476136 0.08737307090995994 0.061517292484057684 0.5972856214542523
31.474387857 0.7948680590480982 0.08737048121673896 0.06151850752547694 0.5972994566788943
31.521063143 0.7948431681016284 0.08729395474179673 0.061492076750990145 0.5973464891372126
31.567921462 0.7948203561973981 0.0872976705755811 0.06150122355651757 0.5973753573653419
31.614618545 0.7947842551525939 0.08730603009442035 0.06149459640780816 0.5974228481430296
31.654653837 0.7947493991124301 0.08733757656215503 0.06150018094245381 0.5974640307790307
31.701261681 0.7947331150050201 0.08759060548217949 0.06166051803937479 0.5974321235594875
31.748254428 0.7947097329135336 0.08770712022841853 0.06176375788578394 0.597435469055499
31.788230679 0.7947065304097768 0.08766857319226758 0.061758475396735846 0.5974459327128752
31.827874765 0.7947114319791626 0.08768241980780397 0.06177478095586546 0.5974356949296984
31.874483367 0.7947103679033578 0.08765794555838131 0.06175935391202147 0.5974422967381565
31.921523142 0.7947243729216831 0.08767065610914171 0.061757357904945145 0.5974220082037744
31.968113993 0.7947115451985922 0.08767189346362005 0.06176880685385728 0.5974377068150456
32.014874449 0.7947166170063465 0.08765636390076273 0.06175738997311714 0.5974344192506768
32.055024755 0.794712670054516 0.08768574941969681 0.061788461716035595 0.5974321446007859
32.101277319 0.7947125307540462 0.08771479551121567 0.06178403773814388 0.5974285235839484
32.148100252 0.7947117692608815 0.08769995976673453 0.061823125878374276 0.5974276709040012
32.194642054 0.7947062587017891 0.08772005814577466 0.06184922361992708 0.5974293492260982
32.23483771 0.7946881795693255 0.08775785887789483 0.0618767763983092 0.5974449932843295
32.288168298 0.7946512560867195 0.08771393372674903 0.06186190113409763 0.5975020939026521
32.334913401 0.7946115021007041 0.08767985698849301 0.061832685370359006 0.5975629861593089
32.374929563 0.7945787613471119 0.08760782964921059 0.06178915868714759 0.5976215860132387
32.421584971 0.7945063271108552 0.08762101287671151 0.061799134949876024 0.597714916329453
32.468451709 0.7944913547861228 0.08762407438229314 0.06183103954501822 0.5977310693845019
32.514956781 0.7944782059831659 0.08769746613931062 0.061886331973892934 0.5977320608477781
32.561513958 0.7944673279443489 0.0877544764705742 0.06189677775447416 0.5977370706188091
32.608378449 0.7944606986034857 0.08772071617528468 0.06189378679074222 0.5977511467867367
32.648293835 0.7944558531277413 0.08771414879142284 0.06191844939701645 0.5977559963372497
32.695027582 0.7944611658565977 0.08775867315554506 0.06196962529703112 0.5977370967007982
32.734879933 0.7944579368818913 0.08773113157738793 0.06196652353004773 0.5977457528407208
32.77503647 0.7944535995286093 0.08770317144935089 0.061955625770348854 0.5977567501493951
32.821796837 0.7944540411820951 0.08767488712566412 0.06195580502192877 0.5977602937976265
32.868409721 0.7944288048207767 0.08777228516129847 0.06204226578147474 0.5977705724484077
32.915172044 0.7944227028782807 0.08789975089365207 0.062085993710112364 0.5977554117943465
32.968724135 0.7944171312233246 0.08804738155159327 0.06221337055311305 0.5977278450475871
33.015290564 0.794406202015825 0.08803498870024094 0.062219142993982575 0.5977435948702714
33.055382656 0.7944184435172663 0.08799958394257684 0.06218967797203247 0.5977356052463934
33.102066445 0.7944241993154928 0.08798132183014418 0.06217766495116242 0.5977318935209831
33.148701489 0.7944075310104665 0.08800183797422521 0.062196920446200295 0.597749022813105
33.195175985 0.79439239751204 0.08798531678039885 0.06218685968298819 0.5977726133647262
33.248765015 0.7943659260970357 0.08808997692949004 0.06226126797268466 0.5977846317286808
33.28860799 0.7943684063135217 0.08812280213243269 0.06231301084148596 0.5977711062564941
33.32872069 0.7943859026867488 0.08813389061385125 0.06231664392001525 0.5977458413308879
33.382318441 0.7943891464360989 0.08815771528739373 0.062355653775669366 0.5977339489288207
33.421943436 0.7944028721072651 0.08810815965488153 0.06234448805615527 0.5977241786969756
33.47547 0.7944051379660563 0.08813271348976998 0.062350236812080836 0.5977169476897395
33.515175019 0.7944007611118937 0.08815541198875686 0.06234485422611932 0.5977199789478852
33.562056433 0.7943941350637392 0.08813698688370615 0.062359145712835184 0.5977300115146976
33.608802958 0.7943885041257172 0.08809051856627152 0.06236967477052073 0.5977432464868595
33.66221129 0.7943813464162901 0.08816301939858838 0.062408019578411404 0.5977380676924192
33.715718981 0.7943871716916677 0.08823720757017928 0.06248982644214516 0.597710831626097
33.755468394 0.794370629485313 0.08838297766208751 0.06257503787565928 0.5977023648150895
33.795302839 0.7943644794692422 0.08844413793483322 0.06261900512618408 0.5976968867407051
33.842006942 0.7943547778247578 0.08846414660247923 0.06264389232835903 0.5977042115183963
33.881982544 0.7943617803971945 0.08845395611448156 0.06263522152562873 0.5976973218246273
33.929259401 0.7943489165830802 0.08849900073109765 0.06267221397280953 0.5977038724892374
33.968860092 0.7943465751963201 0.0884472733769587 0.06266122338476172 0.5977157931575706
34.015710817 0.7943247310867226 0.08846350325886944 0.0626859996789803 0.5977398226815919
34.055705627 0.7942849643352161 0.088595448770157 0.06275614901351606 0.5977657631959299
34.1023369 0.7942666399942141 0.0888233530358046 0.06292362587270807 0.597738683585737
34.142207762 0.794242658945903 0.0890768355247367 0.06308668485135425 0.5977156399810087
34.182409424 0.7942562302493152 0.08903278251433128 0.06305661479702183 0.5977073428344697
34.229099641 0.7942677293220152 0.08895415380373667 0.06299660088938477 0.5977100977523259
34.268996026 0.7942602746327919 0.08891575478443182 0.06301963688943028 0.5977232888700934
34.316012917 0.7942474630157342 0.0890306040456438 0.06311019626372825 0.597713662353381
34.355790513 0.7942381545190014 0.0890338810160912 0.0631598516689206 0.5977202983625564
34.402379814 0.7942217327330137 0.08899517176476777 0.06318639854162031 0.5977450775175556
34.442249066 0.7941790156587898 0.08885298641293671 0.06309371128107655 0.5978327705048616
34.489137371 0.7941454005912657 0.0887940312660512 0.06309744527085515 0.5978857876982469
34.529345653 0.7941264648274841 0.08882515572288578 0.06312692504988894 0.5979032036250965
34.575839056 0.7940873956719433 0.08885678445021501 0.06318933311057667 0.5979438000959282
34.615820273 0.794034021143224 0.08885251619438828 0.06316812054303163 0.5980175517324798
34.662460459 0.7940323046762023 0.08882891529389363 0.06315797535744884 0.5980244084375292
34.702370705 0.794039818671655 0.0887384654942653 0.0630996050843522 0.5980340215604856
34.749053042 0.7940524816428541 0.08867916095646719 0.06303278426845252 0.5980330516921691
34.795991618 0.7940696148350069 0.08854360189561267 0.06292081903637507 0.5980421790232917
34.84917842 0.7940811516972073 0.08844237578758658 0.06287376274736228 0.5980467880043105
34.895903418 0.7940860332154618 0.08849660716535593 0.06287863100212487 0.5980317718446504
34.942884369 0.7940981756943577 0.08846982798096634 0.06289039916112052 0.598018373120146
34.989336387 0.7940916426233162 0.0884686935337192 0.06289701003005517 0.5980265207409446
35.036188855 0.7940981055734514 0.08845248504041754 0.06288483336983856 0.598021616956175
35.076371517 0.7940906765725018 0.08841224896917173 0.06289500602629772 0.5980363616284478
35.116046986 0.7940722839748338 0.0884044843858405 0.0628933392404829 0.5980621061751417
35.16281795 0.7940114928450897 0.08838209117463208 0.0629080432703996 0.5981445755679815
35.202674993 0.793995989126459 0.08849642724033613 0.06294850023111251 0.5981439943152864
35.249425901 0.7940013162890998 0.08848579590334282 0.0628880207875892 0.5981448574517285
35.289508842 0.794007344408649 0.0883858739133498 0.06280210999834952 0.5981606550897961
35.336220941 0.793964923158091 0.08842432127196181 0.06280743791496898 0.5982107203525502
35.389582409 0.7938709147404199 0.08837528593832798 0.06272800331529986 0.5983510484361194
35.429449131 0.7938432123969944 0.08865845464348021 0.06293081740189674 0.598324614881069
35.482991316 0.7937197578573759 0.08899005546526559 0.06321386527963145 0.5984093275104643
35.523041592 0.7937200578065485 0.088985401233834 0.06320526856926677 0.5984105298437767
35.576215952 0.7937391471215318 0.08900981364865884 0.06316238247255343 0.598386106825188
35.629544771 0.7937720504054818 0.0887347523203877 0.06293921451137975 0.5984068273360584
35.682884165 0.7937932419585407 0.0886901916182977 0.06290551109964657 0.5983888665449513
35.736340005 0.7938113811607281 0.08865976782001536 0.06294080354930473 0.5983656005807536
35.789594589 0.7938066742755794 0.08864490324199215 0.06295838788300767 0.5983721972150233
35.843056429 0.7938109023921252 0.08864266750150428 0.0629665565959773 0.5983660597761736
35.889953621 0.7938083377443906 0.0886409598299207 0.06295979904530782 0.5983704261342571
35.929545543 0.7938177444031015 0.08862323626235519 0.06293893940229078 0.5983627666993276
35.976411257 0.793823856599945 0.08863111759483393 0.0629385646214605 0.5983535299219608
36.016582827 0.7938091712168143 0.08859969738932781 0.06290916241789882 0.5983807572093814
36.063169579 0.7937866814698628 0.08867062947634875 0.06291753221396176 0.5983992044859651
36.10312452 0.7937833650013837 0.08869454684028992 0.06295456103129364 0.5983961648049163
36.149796508 0.7937979706256787 0.08869465488600688 0.06295949213170234 0.5983762548561936
36.196501077 0.7938193934847209 0.08866529683940398 0.06292941499488536 0.598355349597822
36.236365554 0.7938610215126899 0.0885209872034437 0.06276876471472309 0.5983383620691087
36.283299017 0.7939264659795165 0.08805179941776435 0.06237208803765828 0.5983622396762616
36.323161697 0.7939820205207851 0.08746796294581807 0.061901484115832406 0.5984230216260885
